Noise type: normal 
Estimates for 1 factors
Mean of lambda for ML 
[[-2.43057706,-2.73916221,-1.53110389,-2.38713066,-1.15113595,-0.42746931,
  -1.65520264,-1.15006383,-1.07897263]]
Mean of lambda for EM 
[[-2.42981306,-2.73842087,-1.53070521,-2.38650881,-1.15085467,-0.42737312,
  -1.65475711,-1.14972181,-1.07869887]]
Variance of lambda for ML 
[[ 1.78137146, 2.2677091 , 0.70573839, 1.72013268, 0.40062419, 0.06206095,
   0.83445297, 0.41860108, 0.35835383]]
Variance of lambda for EM 
[[ 1.78024803, 2.26651691, 0.70537939, 1.71925779, 0.40043591, 0.06203371,
   0.83401344, 0.4183565 , 0.35817564]]

Mean of taus for ML 
[  0.72397464,  2.80772447,  3.62889834,  7.11631305,  9.29439148,
   6.98130027,  7.99653975, 12.029695  ,  9.40576333]
Mean of taus for EM 
[  0.7246171 ,  2.80770607,  3.6288284 ,  7.11614333,  9.29429471,
   6.98127785,  7.99653024, 12.02978593,  9.40570706]
Variance of taus for ML 
[ 0.00865632, 0.02819562, 0.03146061, 0.11259517, 0.19131788, 0.09656529,
  0.14291885, 0.29275233, 0.19386487]
Variance of taus for EM 
[ 0.00863448, 0.02817654, 0.0314584 , 0.11257899, 0.19131246, 0.09656462,
  0.14291598, 0.2927574 , 0.19386247]


Estimates for 2 factors
Mean of lambda for ML 
[[-2.42921544,-2.76970689,-1.60782055,-2.66226832,-1.41269618,-0.53573939,
  -1.61087233,-1.00296221,-1.15273695],
 [ 0.09613527, 0.20363885,-0.05407737,-0.35663407,-0.47691965,-0.22523807,
   0.28191626, 0.50495532,-0.09593429]]
Mean of lambda for EM 
[[-2.43228471,-2.7741102 ,-1.60829178,-2.66019713,-1.40804881,-0.53346469,
  -1.6153921 ,-1.00953267,-1.15247049],
 [ 0.09404033, 0.20121598,-0.0554666 ,-0.35897736,-0.47819445,-0.22569748,
   0.28050435, 0.50406099,-0.09695   ]]
Variance of lambda for ML 
[[ 1.44113174, 1.88356189, 0.62690959, 1.73169015, 0.4897153 , 0.07735525,
   0.64690363, 0.28132617, 0.33217796],
 [ 0.1560174 , 0.61391365, 0.05794365, 1.6198611 , 3.35982521, 0.73481624,
   1.17468757, 3.5962545 , 0.14161217]]
Variance of lambda for EM 
[[ 1.44458578, 1.88928113, 0.62725286, 1.72889775, 0.48639345, 0.07675523,
   0.65032606, 0.2842991 , 0.33205064],
 [ 0.14924599, 0.59824465, 0.06051242, 1.64346371, 3.37947053, 0.73806462,
   1.16220068, 3.58273554, 0.14446386]]

Mean of taus for ML 
[ 0.90557215, 2.3682226 , 3.40605134, 3.96842679, 4.94742629, 6.07617086,
  7.07471085, 8.63244917, 9.11650311]
Mean of taus for EM 
[ 0.90508028, 2.36897056, 3.40606964, 3.96921697, 4.94615552, 6.0762036 ,
  7.07496072, 8.63279407, 9.11652549]
Variance of taus for ML 
[ 0.0082506 , 0.03105543, 0.02853001, 0.09944485, 0.14587995, 0.08514891,
  0.12962083, 0.24043846, 0.180544  ]
Variance of taus for EM 
[ 0.00817512, 0.03098422, 0.02852881, 0.09991521, 0.146255  , 0.08515484,
  0.1295938 , 0.2403498 , 0.18054139]


Estimates for 3 factors
Mean of lambda for ML 
[[-2.36212915,-2.6960438 ,-1.57342668,-2.5850489 ,-1.36762412,-0.51484862,
  -1.56698331,-0.99353004,-1.32852875],
 [ 0.08045179, 0.17431083,-0.04600494,-0.31428899,-0.41294377,-0.19716633,
   0.24310424, 0.454985  ,-0.10444992],
 [-0.03576818,-0.04267194,-0.00764396,-0.03538747,-0.03872357,-0.01737673,
  -0.018461  , 0.02379433, 0.30343985]]
Mean of lambda for EM 
[[-2.36500065,-2.69927209,-1.57101424,-2.58421565,-1.36575665,-0.51488956,
  -1.57136815,-0.99439492,-1.34709832],
 [ 0.08012908, 0.17172173,-0.04626617,-0.31414376,-0.41263006,-0.1961935 ,
   0.2423366 , 0.4579755 ,-0.11356928],
 [-0.03609088,-0.03902478,-0.00893913,-0.0381491 ,-0.04341619,-0.01976468,
  -0.0162436 , 0.01235408, 0.32251365]]
Variance of lambda for ML 
[[ 1.6940122 , 2.21656656, 0.74755792, 2.03616076, 0.56943769, 0.08729793,
   0.7550938 , 0.33695349, 0.5526094 ],
 [ 0.15720062, 0.6264941 , 0.05634267, 1.62900025, 3.38546495, 0.74965166,
   1.18065314, 3.74131421, 0.28379271],
 [ 0.05389924, 0.13472181, 0.05266692, 0.11885147, 0.07364   , 0.04118451,
   0.09380896, 0.08370553, 5.98173124]]
Variance of lambda for EM 
[[ 1.69826522, 2.22107137, 0.7440512 , 2.03477866, 0.56754201, 0.08734435,
   0.75972945, 0.33829979, 0.56589266],
 [ 0.15485016, 0.61785548, 0.05738066, 1.63438082, 3.39382314, 0.7480828 ,
   1.17620269, 3.74097081, 0.30572142],
 [ 0.05617296, 0.10968448, 0.03943212, 0.12831023, 0.08344286, 0.03494421,
   0.06926768, 0.07248139, 6.52477194]]

Mean of taus for ML 
[ 0.92053292, 2.29980335, 3.34450195, 3.96831838, 4.94916922, 6.04371153,
  7.02625541, 8.41429022, 2.24219159]
Mean of taus for EM 
[ 0.91402439, 2.32730437, 3.37284737, 3.97270343, 4.9416832 , 6.05226469,
  7.04215432, 8.42248467, 1.61075064]
Variance of taus for ML 
[ 0.00973933, 0.05581355, 0.05528238, 0.10217845, 0.1520257 , 0.08938091,
  0.13155205, 0.4985813 , 8.45298149]
Variance of taus for EM 
[ 0.00925874, 0.04544903, 0.04429325, 0.10236063, 0.15157073, 0.08731488,
  0.12965865, 0.76068761, 5.64253472]


Estimates for 4 factors
Mean of lambda for ML 
[[-2.32798442,-2.68557644,-1.53796306,-2.51226946,-1.29784415,-0.48573345,
  -1.58702449,-1.08203   ,-1.35963994],
 [ 0.04906242, 0.12737445,-0.04971291,-0.30054469,-0.37232084,-0.18260962,
   0.20921343, 0.52817359,-0.10988545],
 [-0.03554167,-0.04825047,-0.00623325,-0.03383536,-0.03611589,-0.01614286,
  -0.0538012 , 0.03732733, 0.35545976],
 [ 0.01630238, 0.02153821, 0.00460432,-0.03395378,-0.06467985,-0.03402894,
  -0.04775997,-0.06049445, 0.04511684]]
Mean of lambda for EM 
[[-2.32993371,-2.6811961 ,-1.53661133,-2.50741318,-1.29264127,-0.48240122,
  -1.60047956,-1.09380733,-1.36440814],
 [ 0.04693021, 0.12507334,-0.0526485 ,-0.30312252,-0.37428545,-0.18217121,
   0.22429282, 0.5205029 ,-0.11318622],
 [-0.03615049,-0.04171487,-0.01336303,-0.03784355,-0.03981925,-0.01336674,
  -0.07145955, 0.0436481 , 0.35532836],
 [ 0.01951567, 0.0327808 ,-0.01049206,-0.04255115,-0.07320713,-0.03156449,
  -0.08937599,-0.06298911, 0.04414809]]
Variance of lambda for ML 
[[ 1.84131478, 2.44871879, 0.80708242, 2.15325689, 0.57575858, 0.08883142,
   0.86873848, 0.44362277, 0.64471867],
 [ 0.07323886, 0.38611955, 0.070789  , 1.70184283, 3.11708907, 0.71375248,
   0.95724479, 6.9430189 , 0.28706786],
 [ 0.08263303, 0.20230077, 0.01663098, 0.05943729, 0.03580567, 0.01931201,
   0.1977031 , 0.33817236, 7.02918668],
 [ 0.0316703 , 0.12818032, 0.13078682, 0.27655449, 0.42105945, 0.07467277,
   0.51202641, 1.70991346, 0.86170756]]
Variance of lambda for EM 
[[ 1.84383455, 2.43948501, 0.80511569, 2.14606002, 0.57139902, 0.08796869,
   0.88397671, 0.45538934, 0.64913113],
 [ 0.06642295, 0.36647751, 0.07733647, 1.72421057, 3.11437487, 0.69942914,
   1.0597971 , 7.09828839, 0.29872793],
 [ 0.08651617, 0.19353432, 0.01199629, 0.06937778, 0.04428463, 0.01888126,
   0.2693669 , 0.3669165 , 7.01837582],
 [ 0.03836187, 0.12703053, 0.08484242, 0.26496885, 0.43417018, 0.07516411,
   0.79195793, 1.8558292 , 0.85053855]]

Mean of taus for ML 
[ 0.96074641, 2.18178668, 3.28576482, 3.9396244 , 5.04190681, 6.05882074,
  6.46738315, 2.88140623, 0.11653558]
Mean of taus for EM 
[ 0.94441895, 2.24350144, 3.33489155, 3.94658095, 5.03794296, 6.07762156,
  5.94068914, 2.52748298, 0.1113072 ]
Variance of taus for ML 
[ 0.01236464, 0.06993953, 0.06444962, 0.12104566, 0.17769521, 0.09534133,
  2.06617231, 8.75645506, 0.01517725]
Variance of taus for EM 
[ 0.01290568, 0.05674416, 0.04755767, 0.12377477, 0.18055485, 0.09124826,
  4.13153487, 9.32069496, 0.01029715]


Noise type: lownoise 
Estimates for 1 factors
Mean of lambda for ML 
[[-2.46863155,-2.75576803,-1.55400063,-2.37428598,-1.19135661,-0.44219605,
  -1.65524449,-1.10881885,-1.09312323]]
Mean of lambda for EM 
[[-2.46796213,-2.75513909,-1.55366887,-2.37374972,-1.19113643,-0.44212418,
  -1.65485806,-1.10850059,-1.09289767]]
Variance of lambda for ML 
[[ 1.70242561, 2.12890549, 0.68251316, 1.57583335, 0.40096672, 0.06205468,
   0.76989652, 0.35053248, 0.35035995]]
Variance of lambda for EM 
[[ 1.70157755, 2.12807318, 0.68226775, 1.57522567, 0.40085114, 0.06203745,
   0.76958694, 0.35034179, 0.35023542]]

Mean of taus for ML 
[ 0.61648361, 2.85528025, 3.58148474, 3.34015613, 9.19983238, 6.96849921,
  8.06095768, 4.22092924, 9.38302074]
Mean of taus for EM 
[ 0.61705376, 2.85518275, 3.58136495, 3.34005418, 9.1996662 , 6.96846673,
  8.06095452, 4.22109007, 9.38293716]
Variance of taus for ML 
[ 0.00758873, 0.02624043, 0.03111294, 0.03546032, 0.19412944, 0.09654934,
  0.14257498, 0.03318416, 0.192139  ]
Variance of taus for EM 
[ 0.007562  , 0.02622741, 0.03110481, 0.03545099, 0.19411669, 0.09654768,
  0.14257215, 0.03318475, 0.19212857]


Estimates for 2 factors
Mean of lambda for ML 
[[-2.4041779 ,-2.72955803,-1.65551702,-2.67260924,-1.43742657,-0.53302388,
  -1.55942153,-0.95912591,-1.17422433],
 [ 0.46080009, 0.82098534,-0.10485116,-1.23992979,-1.8608864 ,-0.92285516,
   1.09648677, 2.03532097,-0.28448404]]
Mean of lambda for EM 
[[-2.4004176 ,-2.72301891,-1.65579707,-2.67992193,-1.45078028,-0.53977009,
  -1.55110567,-0.94432247,-1.17604932],
 [ 0.48251388, 0.84551296,-0.0894438 ,-1.21445165,-1.84808863,-0.91827592,
   1.11028706, 2.04463398,-0.27362517]]
Variance of lambda for ML 
[[ 1.48668751, 1.93086339, 0.71029623, 1.83690144, 0.53893315, 0.08047849,
   0.64400711, 0.25117097, 0.37237162],
 [ 0.00523925, 0.00676169, 0.00474183, 0.00616102, 0.00791317, 0.00691946,
   0.00811248, 0.00351306, 0.00913657]]
Variance of lambda for EM 
[[ 1.48224582, 1.92202009, 0.71044504, 1.84656796, 0.54834616, 0.0822347 ,
   0.63762632, 0.24406186, 0.3734327 ],
 [ 0.00517703, 0.00670689, 0.0046639 , 0.0062523 , 0.00814496, 0.00695337,
   0.00813896, 0.00337043, 0.00898047]]

Mean of taus for ML 
[ 0.92871607, 2.51631412, 3.21214744, 0.02989487, 4.94419002, 6.00291718,
  7.28449015, 0.48380297, 9.08705696]
Mean of taus for EM 
[ 0.92713437, 2.51567855, 3.21201062, 0.03621408, 4.94005278, 6.00174366,
  7.28530393, 0.48125347, 9.08669321]
Variance of taus for ML 
[ 0.00311156, 0.01790024, 0.02290984, 0.00052011, 0.04496611, 0.07081102,
  0.12205486, 0.00831659, 0.17577981]
Variance of taus for EM 
[ 0.00310514, 0.01787705, 0.0229219 , 0.00054433, 0.04497   , 0.07079218,
  0.12206069, 0.00833898, 0.17578113]


Estimates for 3 factors
Mean of lambda for ML 
[[-2.35821163,-2.67467828,-1.63257276,-2.61926751,-1.4084729 ,-0.51797993,
  -1.52748931,-0.95199986,-1.37797877],
 [ 0.48105972, 0.8541177 ,-0.10302517,-1.20311143,-1.83412243,-0.90442005,
   1.11579971, 2.02038986,-0.64700969],
 [-0.01574288,-0.01299291, 0.00819855,-0.0058825 , 0.01231596,-0.02480664,
  -0.00692576,-0.0037566 ,-0.04832697]]
Mean of lambda for EM 
[[ -2.35687728e+00, -2.67259187e+00, -1.63110335e+00, -2.62543898e+00,
   -1.41872230e+00, -5.24150852e-01, -1.52375613e+00, -9.38717260e-01,
   -1.38322173e+00],
 [  4.96776522e-01,  8.66816985e-01, -8.64955552e-02, -1.18444343e+00,
   -1.82485314e+00, -9.03466039e-01,  1.12204926e+00,  2.02656262e+00,
   -6.56183356e-01],
 [ -1.35648643e-02, -5.19183104e-03,  1.25616145e-03, -6.80733124e-03,
    7.93670101e-03, -2.27975114e-02,  2.43316944e-03, -5.16321316e-03,
   -1.58873404e-02]]
Variance of lambda for ML 
[[  1.63791426e+00,  2.11666701e+00,  7.77612489e-01,  2.00219077e+00,
    5.82263392e-01,  8.62399715e-02,  7.06524305e-01,  2.84985364e-01,
    5.87036869e-01],
 [  5.22072434e-03,  7.61810893e-03,  5.17123775e-03,  6.84208488e-03,
    8.73174075e-03,  7.33229620e-03,  8.38183596e-03,  3.93284431e-03,
    4.69126405e-02],
 [  5.25218442e-02,  1.02360075e-01,  4.00956357e-02,  1.98033375e-01,
    1.48285116e-01,  5.41806534e-02,  3.57371295e-02,  6.14803509e-02,
    7.09822876e+00]]
Variance of lambda for EM 
[[  1.63602174e+00,  2.11296510e+00,  7.76493566e-01,  2.01106675e+00,
    5.90163694e-01,  8.78870113e-02,  7.02673445e-01,  2.78079203e-01,
    5.87759536e-01],
 [  5.20485269e-03,  6.90976714e-03,  4.78792629e-03,  6.85037204e-03,
    8.84773179e-03,  7.20391087e-03,  8.18539462e-03,  3.79438250e-03,
    4.49338096e-02],
 [  4.57776849e-02,  6.83344372e-02,  2.78830821e-02,  1.87909124e-01,
    1.46731783e-01,  4.64405050e-02,  1.62792457e-02,  5.49440369e-02,
    7.53407248e+00]]

Mean of taus for ML 
[ 0.92456573, 2.46820819, 3.18006128, 0.03808317, 4.93289672, 5.99144411,
  7.2417647 , 0.46224938, 0.87633828]
Mean of taus for EM 
[ 0.92095979, 2.49227324, 3.19988372, 0.04501813, 4.92842272, 5.99253512,
  7.26187713, 0.47594721, 0.41666682]
Variance of taus for ML 
[  3.26189396e-03,  3.11778920e-02,  3.26699124e-02,  9.00999708e-04,
   4.51429803e-02,  7.13310456e-02,  1.21419107e-01,  1.52569034e-02,
   4.62936874e+00]
Variance of taus for EM 
[  3.11440092e-03,  2.09488443e-02,  2.60760775e-02,  8.76552091e-04,
   4.47936250e-02,  7.13926142e-02,  1.21144336e-01,  9.84796733e-03,
   1.23234550e+00]


Estimates for 4 factors
Mean of lambda for ML 
[[ -2.36079992e+00, -2.71064873e+00, -1.58296424e+00, -2.62076279e+00,
   -1.41204738e+00, -5.56685615e-01, -1.61168147e+00, -9.35942368e-01,
   -1.41388568e+00],
 [  4.49852169e-01,  8.64339131e-01, -1.79512227e-01, -1.20847795e+00,
   -1.81813052e+00, -9.16635601e-01,  1.23841223e+00,  1.99701572e+00,
   -6.64408609e-01],
 [ -1.41955904e-02,  4.55867920e-04, -1.52362144e-02, -7.24259578e-03,
    8.36466410e-03, -3.71686925e-02,  4.22224389e-04, -1.56341280e-02,
   -8.06444726e-03],
 [  1.34445350e-01,  5.48735761e-02,  2.70172319e-01,  8.74286131e-02,
   -4.14983923e-03, -1.26681926e-01, -2.60463076e-01,  2.47917182e-01,
   -1.66757421e-01]]
Mean of lambda for EM 
[[ -2.35947233e+00, -2.70120268e+00, -1.59319352e+00, -2.62813864e+00,
   -1.42355420e+00, -5.62159253e-01, -1.61292311e+00, -9.29216402e-01,
   -1.41295953e+00],
 [  4.67478859e-01,  8.72150025e-01, -1.51489073e-01, -1.18896236e+00,
   -1.80928983e+00, -9.26297928e-01,  1.27892545e+00,  2.00550485e+00,
   -6.61403409e-01],
 [ -1.33816567e-02,  4.21159522e-04, -1.23844976e-02, -7.07517985e-03,
    6.76838870e-03, -3.37304607e-02,  6.74445926e-04, -1.29088412e-02,
   -8.34054175e-03],
 [  1.29372085e-01,  5.57326034e-02,  2.53037907e-01,  8.37057106e-02,
   -1.06525922e-02, -1.28904116e-01, -3.31103228e-01,  2.28830286e-01,
   -1.68775622e-01]]
Variance of lambda for ML 
[[  1.55630563e+00,  2.07863371e+00,  7.03553517e-01,  1.91777129e+00,
    5.67144914e-01,  9.26974444e-02,  7.48958539e-01,  2.60624487e-01,
    5.85299973e-01],
 [  5.68161160e-03,  1.00914189e-02,  1.07725609e-02,  6.74844129e-03,
    9.36965666e-03,  1.96371354e-02,  5.56364389e-02,  6.45147606e-03,
    4.34642717e-02],
 [  4.20669421e-02,  8.29972306e-02,  1.38935299e-02,  1.78376532e-01,
    1.45948301e-01,  1.00216856e-01,  5.71282959e-02,  8.34885853e-02,
    7.60200044e+00],
 [  7.16256081e-02,  9.32433080e-02,  4.37490193e-01,  6.44456948e-02,
    7.83814262e-02,  7.56287000e-01,  6.16100388e-01,  2.67275745e-01,
    1.52496480e-01]]
Variance of lambda for EM 
[[  1.55247876e+00,  2.05236678e+00,  7.16796396e-01,  1.92893558e+00,
    5.76876511e-01,  9.49333329e-02,  7.72477480e-01,  2.56815292e-01,
    5.84487167e-01],
 [  5.74848878e-03,  9.53642503e-03,  8.50625845e-03,  6.82424850e-03,
    1.01971548e-02,  2.02632203e-02,  6.91685394e-02,  5.85643361e-03,
    4.32693662e-02],
 [  4.09206944e-02,  7.73221768e-02,  1.38718001e-02,  1.77365110e-01,
    1.47800611e-01,  1.18888380e-01,  6.57695517e-02,  8.14938598e-02,
    7.60932415e+00],
 [  6.95575849e-02,  1.01782057e-01,  3.67353303e-01,  5.76579326e-02,
    9.00768144e-02,  1.00543054e+00,  7.64994995e-01,  2.19855843e-01,
    1.54418371e-01]]

Mean of taus for ML 
[ 0.94335084, 2.21576751, 2.90198041, 0.04936867, 4.91972179, 5.08970327,
  5.89384163, 0.25733341, 0.07665335]
Mean of taus for EM 
[ 0.93925446, 2.2740157 , 2.94563643, 0.05022696, 4.8926843 , 4.79436189,
  5.55062327, 0.29788434, 0.07390588]
Variance of taus for ML 
[  3.94440825e-03,  8.58655414e-02,  9.24270401e-02,  1.65869618e-03,
   6.86558672e-02,  3.74321683e+00,  5.94531753e+00,  2.93240458e-02,
   8.63202941e-03]
Variance of taus for EM 
[  3.97529206e-03,  8.29504714e-02,  8.88123730e-02,  1.45091365e-03,
   1.53766171e-01,  4.58795925e+00,  7.27156875e+00,  2.89035130e-02,
   6.30596616e-03]


Noise type: highnoise 
Estimates for 1 factors
Mean of lambda for ML 
[[ -2.69643651e-02, -2.77847986e-02, -2.11989233e-02, -3.47484230e-02,
   -2.15993363e-02, -2.39070344e+00, -1.12947852e-02,  2.03583073e-03,
   -9.44665729e-03]]
Mean of lambda for EM 
[[ -2.69628512e-02, -2.77830481e-02, -2.11980601e-02, -3.47467023e-02,
   -2.15981367e-02, -2.39076424e+00, -1.12936805e-02,  2.03653050e-03,
   -9.44556149e-03]]
Variance of lambda for ML 
[[  1.11201496e-02,  1.39263801e-02,  3.22759820e-01,  3.14212402e-02,
    2.23166726e-02,  5.96161484e+02,  1.19918722e-02,  1.59994491e-02,
    1.23169527e-02]]
Variance of lambda for EM 
[[  1.11191571e-02,  1.39251330e-02,  3.22755625e-01,  3.14191112e-02,
    2.23156122e-02,  5.96179964e+02,  1.19914535e-02,  1.59995395e-02,
    1.23166569e-02]]

Mean of taus for ML 
[   8.40120372,  12.56374478, 303.61131309,  14.50220984,  10.99734646,
    0.67202598,  11.55856906,  13.75493931,  10.9158929 ]
Mean of taus for EM 
[   8.40120504,  12.56374642, 303.61133909,  14.50221294,  10.99734809,
    0.6625803 ,  11.55856973,  13.75493956,  10.91589341]
Variance of taus for ML 
[  1.49297467e-01,  3.53914388e-01,  2.08586512e+02,  3.79696875e-01,
   2.53935500e-01,  8.67363047e-01,  2.83830277e-01,  3.85237102e-01,
   2.50890172e-01]
Variance of taus for EM 
[  1.49297310e-01,  3.53914286e-01,  2.08586728e+02,  3.79696325e-01,
   2.53934941e-01,  8.23241791e-01,  2.83830246e-01,  3.85237228e-01,
   2.50890168e-01]


Estimates for 2 factors
Mean of lambda for ML 
[[ -2.49702780e-02, -2.55598731e-02, -6.56797629e-02, -3.20482872e-02,
   -1.94387084e-02, -2.38489390e+00, -8.91163157e-03,  4.19729480e-04,
   -7.32975725e-03],
 [ -2.71398738e-01, -2.95465704e-01, -1.73205475e+01, -3.23828986e-01,
   -1.78691843e-01,  4.53656889e-02, -1.54595629e-01, -1.04710890e-01,
   -1.45792353e-01]]
Mean of lambda for EM 
[[ -2.49702821e-02, -2.55598773e-02, -6.56796090e-02, -3.20482919e-02,
   -1.94387107e-02, -2.38489417e+00, -8.91163478e-03,  4.19727263e-04,
   -7.32975984e-03],
 [ -2.71396212e-01, -2.95462683e-01, -1.73206044e+01, -3.23826096e-01,
   -1.78690200e-01,  4.53658003e-02, -1.54593535e-01, -1.04709624e-01,
   -1.45790780e-01]]
Variance of lambda for ML 
[[  1.15268199e-02,  1.42981739e-02,  1.29861800e+00,  3.21309737e-02,
    2.26540156e-02,  5.96198806e+02,  1.21194715e-02,  1.58736491e-02,
    1.23762556e-02],
 [  8.34725476e-03,  1.18043711e-02,  2.56444634e+00,  1.48682726e-02,
    1.19605600e-02,  6.54758416e-01,  1.02522754e-02,  1.46499703e-02,
    1.25136255e-02]]
Variance of lambda for EM 
[[  1.15268127e-02,  1.42981645e-02,  1.29862205e+00,  3.21309618e-02,
    2.26540102e-02,  5.96198824e+02,  1.21194665e-02,  1.58736489e-02,
    1.23762540e-02],
 [  8.34673565e-03,  1.18036399e-02,  2.56445036e+00,  1.48675346e-02,
    1.19603076e-02,  6.54758479e-01,  1.02519894e-02,  1.46498138e-02,
    1.25134255e-02]]

Mean of taus for ML 
[  8.31889608e+00,  1.24643873e+01,  6.57797389e-02,  1.43819470e+01,
   1.09532064e+01,  5.63099129e-03,  1.15243375e+01,  1.37294547e+01,
   1.08821001e+01]
Mean of taus for EM 
[  8.31889638e+00,  1.24643881e+01,  6.47893410e-02,  1.43819463e+01,
   1.09532060e+01,  5.62200432e-03,  1.15243379e+01,  1.37294553e+01,
   1.08821001e+01]
Variance of taus for ML 
[  1.45858295e-01,  3.50286245e-01,  1.60108246e-03,  3.78088045e-01,
   2.51438962e-01,  3.06208035e-05,  2.81706138e-01,  3.82282479e-01,
   2.49516024e-01]
Variance of taus for EM 
[  1.45858569e-01,  3.50286351e-01,  1.50932348e-03,  3.78087831e-01,
   2.51439100e-01,  3.04119696e-05,  2.81706346e-01,  3.82282575e-01,
   2.49515955e-01]


Estimates for 3 factors
Mean of lambda for ML 
[[ -2.71623481e-02, -2.79912337e-02, -5.67358497e-02, -3.24564385e-02,
   -1.91354228e-02, -2.48896272e+00, -1.22686755e-02, -4.12103761e-04,
   -9.64240588e-03],
 [ -3.08926882e-01, -3.37745111e-01, -1.73205751e+01, -3.59750433e-01,
   -1.95564756e-01,  4.53546268e-02, -1.80354413e-01, -1.22860312e-01,
   -1.62015682e-01],
 [ -2.29835318e+00, -2.59282050e+00,  1.96784226e-01, -2.20063891e+00,
   -1.03274558e+00,  3.09552912e-02, -1.58235976e+00, -1.11445127e+00,
   -9.91705118e-01]]
Mean of lambda for EM 
[[ -2.71563439e-02, -2.79846712e-02, -5.67374457e-02, -3.24506532e-02,
   -1.91325652e-02, -2.48896259e+00, -1.22645866e-02, -4.09413867e-04,
   -9.63985994e-03],
 [ -3.08889814e-01, -3.37708434e-01, -1.73205762e+01, -3.59718015e-01,
   -1.95549445e-01,  4.53662415e-02, -1.80331849e-01, -1.22843547e-01,
   -1.62000972e-01],
 [ -2.29756644e+00, -2.59222985e+00,  1.96699185e-01, -2.20008128e+00,
   -1.03248313e+00,  3.11445155e-02, -1.58200508e+00, -1.11415568e+00,
   -9.91467692e-01]]
Variance of lambda for ML 
[[  1.30104975e-02,  1.61018779e-02,  1.29970791e+00,  3.44687183e-02,
    2.34134809e-02,  5.95691626e+02,  1.27377759e-02,  1.58699973e-02,
    1.27727797e-02],
 [  1.05379531e-02,  1.46543726e-02,  2.56444856e+00,  1.73084271e-02,
    1.26189700e-02,  6.54764369e-01,  1.13289105e-02,  1.52532371e-02,
    1.31504755e-02],
 [  2.34207347e+00,  2.96158095e+00,  2.39748549e-02,  2.15724249e+00,
    4.87693745e-01,  3.23845354e-03,  1.10638769e+00,  5.59173374e-01,
    4.55721579e-01]]
Variance of lambda for EM 
[[  1.30111131e-02,  1.61002418e-02,  1.29971419e+00,  3.44771748e-02,
    2.34183368e-02,  5.95691600e+02,  1.27377286e-02,  1.58683725e-02,
    1.27770546e-02],
 [  1.05330706e-02,  1.46447046e-02,  2.56444838e+00,  1.73118101e-02,
    1.26255253e-02,  6.54758469e-01,  1.13299166e-02,  1.52519277e-02,
    1.31583687e-02],
 [  2.34043878e+00,  2.96022746e+00,  2.39405748e-02,  2.15614333e+00,
    4.87444693e-01,  3.24720508e-03,  1.10588805e+00,  5.58870945e-01,
    4.55499163e-01]]

Mean of taus for ML 
[  6.68828082e-01,  2.74853253e+00,  2.12714495e-03,  7.35253349e+00,
   9.39122828e+00,  1.39264804e-03,  7.90369349e+00,  1.19235498e+01,
   9.43683316e+00]
Mean of taus for EM 
[  6.70004750e-01,  2.74779793e+00,  2.15157601e-03,  7.35232880e+00,
   9.39117370e+00,  1.40525597e-03,  7.90338973e+00,  1.19235550e+01,
   9.43674292e+00]
Variance of taus for ML 
[  1.32128600e-02,  3.80317878e-02,  3.85799920e-06,  1.16730985e-01,
   1.95496543e-01,  2.14178532e-06,  1.43805155e-01,  2.88744186e-01,
   1.94297317e-01]
Variance of taus for EM 
[  1.31112409e-02,  3.78981375e-02,  3.86661774e-06,  1.16724734e-01,
   1.95496265e-01,  2.14437156e-06,  1.43770145e-01,  2.88744607e-01,
   1.94292884e-01]


Estimates for 4 factors
Mean of lambda for ML 
[[ -2.74001345e-02, -2.80992569e-02, -5.78461178e-02, -3.39352967e-02,
   -2.01337419e-02, -2.48180483e+00, -1.26622125e-02, -9.20067652e-04,
   -9.02117915e-03],
 [ -3.07838020e-01, -3.37378072e-01, -1.73205722e+01, -3.64059577e-01,
   -2.00144324e-01,  4.53667074e-02, -1.78847059e-01, -1.19479254e-01,
   -1.63089934e-01],
 [ -2.21970523e+00, -2.57452096e+00,  1.94007459e-01, -2.36414846e+00,
   -1.20136973e+00,  3.18262950e-02, -1.52398944e+00, -9.90059418e-01,
   -1.02297986e+00],
 [ -7.14090799e-02, -2.07754204e-01, -4.36956183e-03,  4.96718124e-01,
    6.64227605e-01, -8.39926858e-03, -3.41560078e-01, -6.29514496e-01,
    1.39111766e-01]]
Mean of lambda for EM 
[[ -2.73966894e-02, -2.80959780e-02, -5.78460998e-02, -3.39292677e-02,
   -2.01288243e-02, -2.48180174e+00, -1.26611200e-02, -9.21289574e-04,
   -9.01889088e-03],
 [ -3.07832775e-01, -3.37381354e-01, -1.73205762e+01, -3.64008136e-01,
   -2.00084288e-01,  4.53662631e-02, -1.78865746e-01, -1.19522711e-01,
   -1.63072179e-01],
 [ -2.22124589e+00, -2.57696839e+00,  1.93742339e-01, -2.36262064e+00,
   -1.19826739e+00,  3.17407061e-02, -1.52659515e+00, -9.93951681e-01,
   -1.02269885e+00],
 [ -6.93662585e-02, -2.05376791e-01, -4.40741924e-03,  4.98868677e-01,
    6.65372892e-01, -8.39184646e-03, -3.40139183e-01, -6.28566610e-01,
    1.40028286e-01]]
Variance of lambda for ML 
[[  1.29281101e-02,  1.60396069e-02,  1.29958534e+00,  3.51386177e-02,
    2.42063273e-02,  5.95727091e+02,  1.27448146e-02,  1.63875964e-02,
    1.28606259e-02],
 [  1.04830929e-02,  1.47007584e-02,  2.56444798e+00,  1.78384347e-02,
    1.33469945e-02,  6.54759688e-01,  1.14415827e-02,  1.59200060e-02,
    1.32105499e-02],
 [  2.32564516e+00,  3.11178019e+00,  2.51528772e-02,  2.65102280e+00,
    7.06784404e-01,  3.20979518e-03,  1.10519004e+00,  4.89586687e-01,
    5.13860921e-01],
 [  7.05155140e-02,  4.03700180e-01,  1.44296124e-03,  1.87075947e+00,
    3.44272097e+00,  1.03244640e-03,  9.41853799e-01,  3.19554879e+00,
    1.79229743e-01]]
Variance of lambda for EM 
[[  1.29282220e-02,  1.60399524e-02,  1.29958716e+00,  3.51334519e-02,
    2.42026376e-02,  5.95727194e+02,  1.27493452e-02,  1.63842879e-02,
    1.28642366e-02],
 [  1.04822765e-02,  1.46990516e-02,  2.56444838e+00,  1.78332371e-02,
    1.33467923e-02,  6.54758461e-01,  1.14492010e-02,  1.59158577e-02,
    1.32203224e-02],
 [  2.32889707e+00,  3.11766502e+00,  2.50952480e-02,  2.64753569e+00,
    7.03025797e-01,  3.20978911e-03,  1.10888115e+00,  4.92895980e-01,
    5.13580229e-01],
 [  6.75107815e-02,  3.95258550e-01,  1.43956726e-03,  1.88711147e+00,
    3.45407429e+00,  1.02779255e-03,  9.34313505e-01,  3.18661404e+00,
    1.81204717e-01]]

Mean of taus for ML 
[  9.65773503e-01,  2.24628889e+00,  6.69096441e-04,  3.99046138e+00,
   4.90812030e+00,  3.82468284e-04,  7.02810456e+00,  8.66271754e+00,
   9.11661767e+00]
Mean of taus for EM 
[  9.65689544e-01,  2.24641361e+00,  6.92348558e-04,  3.99012495e+00,
   4.90817922e+00,  3.41249523e-04,  7.02818878e+00,  8.66313134e+00,
   9.11664639e+00]
Variance of taus for ML 
[  1.04314621e-02,  3.56156701e-02,  2.77712615e-07,  1.28834827e-01,
   1.89307231e-01,  8.62362719e-06,  1.28088829e-01,  2.51520889e-01,
   1.80894792e-01]
Variance of taus for EM 
[  1.04098474e-02,  3.56963024e-02,  2.98468955e-07,  1.29993218e-01,
   1.89896722e-01,  2.39896349e-06,  1.28074033e-01,  2.51484143e-01,
   1.80901239e-01]


